1 0.3046875 0.43671875 0.053125 0.0265625
5 0.0578125 0.128125 0.03125 0.04375
2 0.240625 0.43515625 0.084375 0.0296875
0 0.2625 0.4171875 0.05625 0.065625
1 0.59453125 0.3359375 0.0703125 0.1375
5 0.66015625 0.37890625 0.0671875 0.1078125
6 0.63515625 0.30234375 0.0421875 0.0734375
4 0.67890625 0.3046875 0.0421875 0.075
4 0.6390625 0.240625 0.040625 0.08125
0 0.3671875 0.77421875 0.059375 0.0890625
2 0.2578125 0.51796875 0.046875 0.0671875
5 0.659375 0.7265625 0.025 0.065625
5 0.6421875 0.73984375 0.05 0.0609375