0 0.190625 0.64375 0.046875 0.071875
3 0.1859375 0.34375 0.025 0.059375
1 0.225 0.6484375 0.059375 0.0625
2 0.14609375 0.634375 0.0640625 0.090625
1 0.7953125 0.5875 0.05 0.13125
2 0.73125 0.578125 0.084375 0.125
0 0.75390625 0.515625 0.0546875 0.075
5 0.315625 0.96796875 0.065625 0.0640625
1 0.24921875 0.940625 0.0703125 0.11875
6 0.28984375 0.91328125 0.0421875 0.0703125
4 0.29296875 0.84921875 0.0453125 0.0703125
2 0.44765625 0.909375 0.0171875 0.053125
1 0.5234375 0.82421875 0.04375 0.0640625