0 0.0703125 0.32109375 0.04375 0.0484375
3 0.70625 0.2875 0.03125 0.05625
0 0.10234375 0.95234375 0.0546875 0.0734375
2 0.0859375 0.98125 0.08125 0.0375
5 0.04921875 0.94140625 0.0484375 0.0828125
1 0.14375 0.978125 0.04375 0.04375
1 0.5828125 0.94375 0.06875 0.1125
6 0.6234375 0.91875 0.04375 0.06875
5 0.64921875 0.97109375 0.0671875 0.0578125
4 0.6671875 0.9203125 0.040625 0.075
0 0.50859375 0.5609375 0.0390625 0.06875
5 0.53984375 0.52578125 0.0421875 0.0140625
4 0.62578125 0.8546875 0.0390625 0.06875