0 0.20625 0.32109375 0.04375 0.0890625
1 0.2421875 0.33984375 0.05625 0.1046875
3 0.18125 0.37109375 0.04375 0.0671875
2 0.16015625 0.309375 0.0671875 0.109375
0 0.58046875 0.45390625 0.0484375 0.0703125
1 0.6140625 0.459375 0.059375 0.059375
2 0.53515625 0.44453125 0.0640625 0.0890625
3 0.55390625 0.1203125 0.0265625 0.05625
5 0.20703125 0.53203125 0.0296875 0.0515625
5 0.09921875 0.52734375 0.0359375 0.0703125
0 0.61328125 0.940625 0.0453125 0.0875
1 0.64765625 0.95390625 0.0578125 0.0921875
2 0.56640625 0.93046875 0.0671875 0.1078125
3 0.5875 0.97890625 0.040625 0.0421875