1 0.40390625 0.390625 0.0703125 0.1375
6 0.44453125 0.3546875 0.0421875 0.071875
4 0.490625 0.35546875 0.040625 0.0765625
5 0.46953125 0.43203125 0.0671875 0.1109375
4 0.4484375 0.28828125 0.034375 0.0671875
5 0.66640625 0.44609375 0.0328125 0.0859375
4 0.66953125 0.38203125 0.0390625 0.0734375
0 0.32578125 0.92265625 0.0484375 0.0921875
1 0.359375 0.93984375 0.059375 0.1046875
2 0.28046875 0.91328125 0.0640625 0.1109375
3 0.29921875 0.578125 0.0265625 0.05625
2 0.77578125 0.6453125 0.0609375 0.05625