7 0.2171875 0.271875 0.053125 0.090625
4 0.2859375 0.26875 0.0375 0.08125
5 0.25546875 0.33046875 0.0671875 0.1140625
7 0.24375 0.2171875 0.059375 0.071875
7 0.721875 0.384375 0.040625 0.03125
6 0.721875 0.384375 0.040625 0.03125
7 0.78515625 0.37109375 0.0578125 0.0578125
7 0.3359375 0.7703125 0.059375 0.06875
4 0.3796875 0.82109375 0.034375 0.0765625
7 0.31171875 0.82578125 0.0515625 0.0859375
1 0.26875 0.50625 0.034375 0.053125
5 0.34921875 0.8796875 0.0640625 0.1125
5 0.69375 0.55859375 0.040625 0.0546875