0 0.0125 0.2375 0.025 0.053125
5 0.06015625 0.23671875 0.0453125 0.0515625
5 0.559375 0.29296875 0.04375 0.0671875
0 0.4921875 0.25625 0.046875 0.059375
1 0.03203125 0.94375 0.0640625 0.1125
6 0.07109375 0.91953125 0.0421875 0.0703125
4 0.11484375 0.9203125 0.0421875 0.078125
5 0.096875 0.9703125 0.065625 0.059375
0 0.02265625 0.721875 0.0453125 0.075
5 0.15703125 0.6515625 0.0484375 0.06875
4 0.07421875 0.8546875 0.0421875 0.06875
7 0.87578125 0.83125 0.0546875 0.09375
5 0.9109375 0.8921875 0.0625 0.103125