0 0.0578125 0.00703125 0.04375 0.0140625
5 0.11328125 0.10625 0.0390625 0.071875
4 0.72265625 0.25625 0.0421875 0.065625
0 0.65859375 0.221875 0.0640625 0.078125
1 0.678125 0.31484375 0.06875 0.0484375
5 0.8140625 0.13515625 0.053125 0.0953125
6 0.71875 0.31328125 0.040625 0.0515625
4 0.76328125 0.3125 0.0421875 0.053125
7 0.2953125 0.51015625 0.0375 0.0515625
5 0.34453125 0.47421875 0.0421875 0.0609375
7 0.8359375 0.97265625 0.05 0.0546875
4 0.903125 0.97421875 0.0375 0.0515625
7 0.86328125 0.934375 0.0609375 0.071875