1 0.3140625 0.43671875 0.059375 0.1046875
0 0.27890625 0.41953125 0.0484375 0.0890625
2 0.234375 0.409375 0.065625 0.109375
5 0.7921875 0.2671875 0.0375 0.06875
0 0.08359375 0.878125 0.0453125 0.090625
3 0.059375 0.9265625 0.040625 0.0625
1 0.11796875 0.89609375 0.0578125 0.1046875
2 0.03828125 0.8671875 0.0671875 0.10625
1 0.68828125 0.9390625 0.0703125 0.121875
6 0.72890625 0.91171875 0.0421875 0.0734375
5 0.7546875 0.96796875 0.065625 0.0640625
4 0.7734375 0.91328125 0.04375 0.0765625
4 0.7296875 0.85078125 0.04375 0.0765625