4 0.42578125 0.4171875 0.0453125 0.065625
1 0.3828125 0.4828125 0.06875 0.071875
6 0.42421875 0.48203125 0.0421875 0.0734375
4 0.46328125 0.48359375 0.0328125 0.0703125
0 0.22734375 0.01875 0.0421875 0.0375
5 0.2703125 0.00625 0.046875 0.0125
0 0.62421875 0.31015625 0.0484375 0.0890625
1 0.66015625 0.3265625 0.0578125 0.109375
2 0.5796875 0.3 0.065625 0.109375
0 0.42421875 0.96640625 0.0484375 0.0671875
1 0.45390625 0.97109375 0.0515625 0.0578125
2 0.3796875 0.95625 0.065625 0.0875
2 0.628125 0.6125 0.059375 0.046875