6 0.4515625 0.46171875 0.04375 0.0703125
1 0.4109375 0.4984375 0.06875 0.140625
5 0.4765625 0.52734375 0.065625 0.0828125
4 0.453125 0.39453125 0.0375 0.0609375
1 0.52890625 0.153125 0.0359375 0.053125
5 0.8828125 0.5359375 0.065625 0.065625
7 0.87109375 0.45078125 0.0640625 0.0703125
4 0.91484375 0.50078125 0.0359375 0.0765625
7 0.846875 0.5078125 0.053125 0.0875
4 0.440625 0.95859375 0.04375 0.0703125
7 0.96796875 0.75625 0.0640625 0.06875
4 0.99609375 0.80546875 0.0078125 0.0765625
7 0.94296875 0.81171875 0.0515625 0.0890625
5 0.97265625 0.86328125 0.0546875 0.1109375