5 0.1875 0.553125 0.065625 0.103125
1 0.12109375 0.51640625 0.0703125 0.1390625
6 0.16171875 0.47890625 0.0421875 0.0703125
4 0.16484375 0.41484375 0.0453125 0.0703125
5 0.5421875 0.1296875 0.025 0.065625
5 0.525 0.14296875 0.05 0.0609375
1 0.92890625 0.58828125 0.0515625 0.0828125
2 0.86484375 0.5859375 0.0828125 0.0875
0 0.88671875 0.54140625 0.0546875 0.0734375
0 0.64453125 0.7453125 0.0453125 0.0875
1 0.67890625 0.76484375 0.0578125 0.1046875
2 0.5984375 0.7375 0.065625 0.10625
3 0.61953125 0.79609375 0.0390625 0.0640625