7 0.50234375 0.4 0.0578125 0.09375
5 0.5390625 0.44921875 0.0625 0.0796875
4 0.8046875 0.3546875 0.0375 0.078125
7 0.7390625 0.36328125 0.05 0.0859375
7 0.7609375 0.30546875 0.05625 0.0703125
5 0.7765625 0.41484375 0.065625 0.1109375
7 0.31171875 0.8609375 0.0515625 0.09375
7 0.33515625 0.8046875 0.0609375 0.071875
4 0.378125 0.853125 0.0375 0.078125
5 0.34921875 0.91328125 0.0640625 0.1109375
7 0.64765625 0.64375 0.0453125 0.065625
3 0.65234375 0.690625 0.0328125 0.053125
7 0.91328125 0.97890625 0.0578125 0.0421875