1 0.2765625 0.46796875 0.06875 0.1390625
5 0.34296875 0.5078125 0.0671875 0.103125
6 0.3171875 0.43359375 0.040625 0.0734375
4 0.36171875 0.4359375 0.0421875 0.078125
4 0.31875 0.37578125 0.04375 0.0828125
1 0.88671875 0.5296875 0.0703125 0.059375
6 0.9265625 0.52890625 0.04375 0.0609375
4 0.93046875 0.31015625 0.0453125 0.0578125
4 0.93046875 0.47421875 0.0453125 0.0828125
1 0.27734375 0.95078125 0.0703125 0.0984375
6 0.31796875 0.93515625 0.0421875 0.0734375
5 0.34375 0.9796875 0.065625 0.040625
4 0.3625 0.93671875 0.04375 0.0765625
4 0.31875 0.87421875 0.04375 0.0765625