1 0.2453125 0.4453125 0.06875 0.0875
6 0.28515625 0.4359375 0.0421875 0.071875
5 0.3109375 0.4734375 0.065625 0.03125
4 0.3296875 0.43671875 0.040625 0.0765625
4 0.2875 0.36875 0.04375 0.071875
2 0.528125 0.33359375 0.01875 0.0515625
1 0.22734375 0.96796875 0.0484375 0.0640625
0 0.18515625 0.93046875 0.0546875 0.0734375
2 0.165625 0.96953125 0.08125 0.0609375
5 0.13203125 0.91484375 0.0546875 0.0796875
5 0.6828125 0.7359375 0.028125 0.053125
5 0.78359375 0.6578125 0.0328125 0.053125
0 0.94140625 0.97265625 0.0546875 0.0546875