5 0.18046875 0.346875 0.0265625 0.05
5 0.0953125 0.25390625 0.0375 0.0703125
0 0.99140625 0.390625 0.0171875 0.090625
2 0.9625 0.3828125 0.065625 0.10625
0 0.18359375 0.97109375 0.0515625 0.0578125
1 0.22109375 0.978125 0.0578125 0.04375
2 0.140625 0.96015625 0.065625 0.0796875
1 0.77578125 0.8671875 0.0484375 0.075
1 0.77578125 0.90625 0.0578125 0.15
5 0.77578125 0.90859375 0.0671875 0.1484375
2 0.71328125 0.8890625 0.0828125 0.11875
0 0.73359375 0.82734375 0.0515625 0.0734375
5 0.6828125 0.796875 0.05625 0.084375