6 0.01953125 0.26171875 0.0390625 0.0359375
4 0.0203125 0.2125 0.040625 0.06875
6 0.69375 0.06484375 0.040625 0.0671875
7 0.725 0.09453125 0.053125 0.0890625
4 0.790625 0.0875 0.0375 0.078125
7 0.75078125 0.0375 0.0609375 0.06875
5 0.76328125 0.146875 0.0640625 0.1125
6 0.403125 0.396875 0.040625 0.05
1 0.403125 0.39765625 0.040625 0.0515625
7 0.76640625 0.7828125 0.0640625 0.06875
4 0.80859375 0.83203125 0.0359375 0.0765625
7 0.74140625 0.83828125 0.0515625 0.0890625
5 0.77734375 0.88984375 0.0671875 0.1109375