5 0.1921875 0.2859375 0.04375 0.078125
6 0.21171875 0.51953125 0.0421875 0.0484375
4 0.2375 0.4953125 0.046875 0.053125
7 0.65078125 0.50390625 0.0515625 0.0890625
4 0.7171875 0.5 0.034375 0.075
7 0.67578125 0.44921875 0.0609375 0.0703125
5 0.68828125 0.55078125 0.0640625 0.0984375
7 0.29765625 0.9625 0.0546875 0.075
7 0.321875 0.915625 0.065625 0.071875
5 0.334375 0.98515625 0.065625 0.0296875
4 0.36484375 0.96328125 0.0359375 0.0734375
6 0.7453125 0.79296875 0.0375 0.0609375
4 0.77109375 0.74921875 0.0421875 0.0609375